07005 96100.0 104000.0 100767
07015 96590.0 104280.0 101055
07020 96330.0 104780.0 101481
07027 95750.0 104040.0 100872
07037 94950.0 102920.0 99850
07072 96260.0 103530.0 100546
07110 95240.0 103610.0 100533
07117 95640.0 104120.0 100969
07130 95580.0 104250.0 101241
07139 94640.0 102910.0 99979.3
07149 96010.0 103560.0 100620
07168 96040.0 103070.0 100308
07181 93580.0 100290.0 97643
07190 95800.0 102740.0 99926.5
07207 95290.0 104110.0 101225
07222 95960.0 104170.0 101414
07240 95710.0 103050.0 100388
07255 95470.0 102210.0 99770.8
07280 95100.0 101540.0 99056.1
07299 94570.0 101170.0 98506.8
07314 96840.0 104060.0 101511
07335 95820.0 102730.0 100323
07434 92950.0 99230.0 97011.7
07460 93950.0 103610.0 97885.2
07471 88550.0 94100.0 92154.6
07481 95170.0 101210.0 98901.2
07510 97000.0 103690.0 101213
07535 94960.0 100960.0 98694.9
07558 90030.0 95510.0 93462.5
07577 97320.0 103030.0 100813
07591 88160.0 93540.0 91596.6
07607 97290.0 103560.0 101120
07621 93670.0 99840.0 97539.6
07627 93100.0 99290.0 96962.1
07630 96210.0 102440.0 100016
07643 98150.0 103780.0 101579
07650 97740.0 103440.0 101212
07661 96470.0 102060.0 99939.2
07690 97650.0 103610.0 101200
07747 97430.0 103460.0 101174
07761 98330.0 103770.0 101463
07790 97800.0 103820.0 101392
61968 20990.0 102170.0 101286
61970 41070.0 102360.0 101299
61972 80640.0 102840.0 101478
61976 11290.0 109510.0 101050
61980 98550.0 102700.0 101486
61996 97990.0 104030.0 101610
61997 94180.0 101940.0 99102.1
61998 94180.0 103460.0 99886
67005 100040.0 102130.0 101245
71805 96540.0 104930.0 101259
78890 99720.0 101810.0 101177
78894 99980.0 101700.0 101061
78897 99770.0 102080.0 101429
78922 21160.0 103070.0 100935
78925 99870.0 102000.0 101381
81401 100370.0 101850.0 101129
81405 100410.0 101780.0 101127
81408 100380.0 101810.0 101100
81415 99250.0 100690.0 100017
89642 93330.0 102280.0 98118.7
