07005 -11.0 41.200000000000045 11.191
07015 -12.299999999999955 41.400000000000034 11.4534
07020 -3.099999999999966 32.10000000000002 12.3537
07027 -8.699999999999989 39.5 11.4707
07037 -10.799999999999955 40.900000000000034 11.0756
07072 -11.899999999999977 40.900000000000034 11.4666
07110 -6.5 38.80000000000001 11.7678
07117 -4.2999999999999545 35.200000000000045 12.2305
07130 -8.199999999999989 40.200000000000045 12.2706
07139 -13.299999999999955 39.30000000000001 11.4058
07149 -12.399999999999977 41.400000000000034 12.3641
07168 -14.5 41.30000000000001 11.6978
07181 -14.899999999999977 39.400000000000034 10.878
07190 -17.299999999999983 38.80000000000001 11.7579
07207 -4.0 34.400000000000034 13.2998
07222 -8.299999999999955 41.80000000000001 12.8609
07240 -11.299999999999955 40.5 12.5513
07255 -10.799999999999955 40.80000000000001 12.4847
07280 -13.0 38.900000000000034 11.7369
07299 -19.69999999999999 38.400000000000034 11.3465
07314 -5.399999999999977 36.30000000000001 13.8401
07335 -12.699999999999989 39.700000000000045 12.5172
07434 -12.5 38.0 11.9249
07460 -16.599999999999966 40.60000000000002 12.4296
07471 -20.099999999999966 37.200000000000045 9.32954
07481 -12.099999999999966 38.900000000000034 13.0936
07510 -8.699999999999989 40.400000000000034 14.1974
07535 -13.799999999999955 39.900000000000034 13.0098
07558 -13.399999999999977 36.400000000000034 11.2824
07577 -7.5 39.60000000000002 14.5108
07591 -17.099999999999966 38.10000000000002 11.0497
07607 -11.0 40.60000000000002 13.7707
07621 -10.5 38.60000000000002 12.8353
07627 -13.599999999999966 37.900000000000034 12.5315
07630 -12.299999999999955 39.700000000000045 14.4388
07643 -7.099999999999966 42.0 15.7872
07650 -8.799999999999955 39.10000000000002 16.1113
07661 -2.2999999999999545 35.700000000000045 15.9797
07690 -1.1999999999999886 36.5 16.6291
07747 -5.7999999999999545 41.900000000000034 16.3652
07761 -3.6999999999999886 38.60000000000002 16.2499
07790 -1.1999999999999886 35.200000000000045 16.4682
61968 17.200000000000045 60.0 26.9417
61970 19.600000000000023 33.200000000000045 27.1628
61972 16.0 35.30000000000001 25.4063
61976 5.900000000000034 67.70000000000005 26.7245
61980 14.700000000000045 33.60000000000002 24.4757
61996 3.7000000000000455 25.100000000000023 14.4206
61997 -4.7999999999999545 21.310000000000002 5.3339
61998 -7.7999999999999545 21.200000000000045 5.08929
67005 18.400000000000034 33.400000000000034 27.0729
71805 -13.5 28.0 6.32209
78890 21.0 33.80000000000001 27.3232
78894 21.200000000000045 34.400000000000034 27.4754
78897 16.100000000000023 33.0 26.3139
78922 5.400000000000034 67.70000000000005 27.4562
78925 17.400000000000034 35.10000000000002 26.9372
81401 19.100000000000023 37.5 26.2144
81405 18.900000000000034 35.10000000000002 26.4449
81408 -25.899999999999977 59.700000000000045 26.1699
81415 0.0 51.60000000000002 26.3862
89642 -34.39999999999998 7.300000000000011 -11.1003
