151 1.181667 49.383
29 70.243333 -49.352333
8 55.528667 -20.8925
263 7.51 47.614333
42 2.872833 42.737167
9 42.712 -17.054667
5 -54.031667 5.4855
43 140.001 -66.663167
69 1.834 50.136
712 3.0195 44.1185
94 -4.412 48.444167
6 -51.804667 3.890667
260 1.396667 44.745
2 7.209 43.648833
59 -0.500167 43.909833
44 -62.852167 17.9015
11 -1.4115 46.046833
7 45.282833 -12.8055
235 5.077833 45.7265
5 8.792667 41.918
27 -61.004 16.335
34 -3.218333 47.294333
833 3.764 45.0745
336 5.959833 48.581
123 0.314333 46.593833
108 0.727333 47.4445
2 3.963167 43.577
67 -0.456167 49.18
112 4.02 48.324667
414 1.106833 43.005333
7 54.520667 -15.887667
11 -61.516333 16.264
21 -56.179167 46.766333
151 1.378833 43.621
331 3.149333 45.786833
150 7.640333 48.5495
402 1.175 45.861167
10 9.485167 42.540667
73 4.733 44.581167
27 77.569167 -37.795167
26 -60.875333 14.7745
6 40.340667 -22.344167
47 3.0975 50.57
55 -3.473167 48.825833
360 0.0 43.188
89 2.384333 48.716833
95 4.155333 49.209667
115 5.940833 43.079333
871 6.502333 44.565667
26 -1.608833 47.15
143 0.110167 48.4455
106 -54.028333 3.640167
3 47.289667 -11.582667
219 5.088333 47.267833
47 -0.691333 44.830667
9 5.216 43.437667
36 -1.734 48.068833
4 -52.365333 4.822333
6 -1.939833 49.725167
146 51.856667 -46.4325
161 2.359833 47.059167
3 -60.995667 14.595333
