100 1.181667 49.383
100 70.243333 -49.352333
97 55.528667 -20.8925
100 7.51 47.614333
100 2.872833 42.737167
100 42.712 -17.054667
100 -54.031667 5.4855
100 140.001 -66.663167
100 1.834 50.136
100 3.0195 44.1185
100 -4.412 48.444167
100 -51.804667 3.890667
100 1.396667 44.745
100 7.209 43.648833
100 -0.500167 43.909833
100 -62.852167 17.9015
100 -1.4115 46.046833
100 45.282833 -12.8055
100 5.077833 45.7265
100 8.792667 41.918
100 -61.004 16.335
100 -3.218333 47.294333
100 3.764 45.0745
100 5.959833 48.581
100 0.314333 46.593833
100 0.727333 47.4445
100 3.963167 43.577
100 -0.456167 49.18
100 4.02 48.324667
100 1.106833 43.005333
100 54.520667 -15.887667
100 -61.516333 16.264
100 -56.179167 46.766333
100 1.378833 43.621
100 3.149333 45.786833
100 7.640333 48.5495
100 1.175 45.861167
100 9.485167 42.540667
100 4.733 44.581167
100 77.569167 -37.795167
100 -60.875333 14.7745
100 40.340667 -22.344167
100 3.0975 50.57
100 -3.473167 48.825833
100 0.0 43.188
100 2.384333 48.716833
100 4.155333 49.209667
100 5.940833 43.079333
100 6.502333 44.565667
100 -1.608833 47.15
100 0.110167 48.4455
100 -54.028333 3.640167
100 47.289667 -11.582667
100 5.088333 47.267833
100 -0.691333 44.830667
100 5.216 43.437667
100 -1.734 48.068833
100 -52.365333 4.822333
100 -1.939833 49.725167
100 51.856667 -46.4325
100 2.359833 47.059167
100 -60.995667 14.595333
